1647434080.6906621,55,85,60
1647434084.7749755,54,83,60
1647434227.8770647,25,82,58
1647434232.444261,51,83,57
1647434236.4633193,53,81,58
1647434240.5758088,50,82,57
1647434244.617003,3,83,58
1647435553.875325,28,81,60
1647435558.4195786,50,81,58
1647435562.4997048,52,84,58
1647435566.6557522,17,84,62
1647435571.080111,6,82,60
1647435575.6720095,10,81,59
1647435579.975505,48,84,59
1647435584.3653576,4,80,62
1647435588.60502,3,79,56
1647435592.8517938,18,81,60
1647435596.876847,48,82,60
1647435601.1090376,25,82,62
1647435605.1133604,2,83,61
1647435609.4008384,49,81,60
1647435613.6554432,50,83,61
1647435617.6356695,52,80,58
1647435621.6743064,50,81,61
1647435625.9203444,50,81,59
1647435630.2187352,52,83,59
1647435634.5378764,16,81,58
1647435638.8383737,2,80,59
1647435643.1697989,8,83,56
1647435647.5520744,26,80,63
1647435651.729661,48,82,59
1647435655.7682297,16,83,60
1647435659.8515701,47,81,60
1647435664.0397923,8,83,55
1647435669.1042557,13,81,58
1647435673.5002387,7,83,61
1647435677.8395188,18,83,61
1647435682.1694372,50,82,59
1647435686.5357628,53,85,59
1647435690.9141138,52,80,59
1647435695.5128412,8,82,61
1647435699.8459747,28,80,58
1647435704.142486,25,84,62
1647435708.1368058,4,81,61
1647435712.4612467,9,81,60
1647435716.849487,50,82,59
1647435721.248966,53,82,61
1647435725.511381,10,82,57
1647435729.8184264,52,82,55
1647435734.1718166,3,81,60
1647435738.6997344,51,82,60
1647435743.2546043,53,80,60
1647435747.8468964,56,83,61
1647435751.9439442,12,82,57
1647435756.2085254,13,82,57
1647435760.2696667,52,82,59
1647435764.2968516,52,82,32
1647435768.7887094,10,80,59
1647435773.0136735,7,83,59
1647435777.3840256,9,82,60
1647435782.0635645,52,81,59
1647435786.7307584,13,83,57
1647435791.0212848,10,84,60
1647435795.375,54,81,59
1647435799.8345284,53,83,59
1647435804.3135552,55,82,59
1647435809.0395591,57,83,61
1647435813.6592202,53,83,31
1647435818.334095,53,82,57
1647435822.997844,52,82,57
1647435827.420384,11,82,57
1647435832.2010903,53,83,58
1647435836.2891595,9,82,57
1647435840.261536,52,82,60
1647435844.2462232,53,83,59
1647435848.3163393,55,83,60
1647435852.6049788,51,83,56
1647435856.881529,55,82,58
1647435860.9574583,52,82,59
1647435865.2938628,51,79,33
1647435869.7657087,56,82,58
1647435874.4859858,10,82,58
1647435879.0667894,52,83,59
1647435883.576197,54,82,25
1647435888.362927,57,82,58
1647435892.40412,55,83,30
1647435896.3794906,55,80,59
1647435900.4415522,13,82,58
1647435904.8742151,55,82,61
1647435909.1897645,53,82,59
1647435913.7091887,55,83,56
1647435918.4026375,53,81,59
1647435922.556528,54,79,60
1647435926.6176696,55,81,29
1647435931.616059,55,85,58
1647435936.1692407,52,82,59
1647435941.0341547,56,82,57
1647435945.1591268,54,83,59
1647435949.4407012,55,79,58
1647435954.0003724,56,83,61
1647435958.3467443,54,84,62
1647435962.8661022,56,82,61
1647435967.0060303,55,82,60
1647435971.2143302,55,82,58
1647435975.1954486,53,82,61
1647435979.2017379,53,83,60
1647435983.2790947,54,83,59
1647435987.4119415,55,84,59
1647435992.026439,54,83,58
1647435996.5048573,52,81,60
1647436000.954962,54,83,58
1647436005.3218393,56,83,59
1647436010.1175222,56,81,59
1647436015.0114362,54,81,59
1647436047.087723,53,82,59
1647436051.4006913,53,80,62
1647436055.61507,53,82,61
1647436059.4283009,56,83,63
1647436063.4494998,55,81,57
1647436150.096128,55,85,59
1647436154.070502,55,85,60
1647436158.058268,51,83,61
1647436161.9977353,51,80,61
1647436166.0972748,29,80,60
1647436170.6481903,53,82,60
1647436175.029787,16,82,58
1647436179.6009405,52,84,59
1647436184.2022705,56,84,60
1647436188.8918917,54,81,60
1647436193.958334,51,82,56
1647436198.757541,52,82,59
1647436202.9502895,56,83,32
1647436207.1121624,54,80,62
1647436211.423668,8,82,60
1647436215.4359076,54,82,60
1647436219.8850174,51,82,60
1647436224.3381047,53,83,58
1647436229.5531626,53,83,60
1647436234.3772633,52,81,61
1647436239.6132615,55,80,57
1647436245.0449932,53,80,58
1647436250.112352,55,82,60
1647436254.8175273,54,83,58
1647436259.0613434,56,84,60
1647436263.4787934,55,82,57
1647436268.4686809,56,82,60
1647436273.2529294,54,79,59
1647436277.6454394,54,82,59
1647436282.5766108,55,82,60
1647436287.1683328,53,81,61
1647436292.156178,52,79,61
1647436297.0380871,52,81,59
1647436301.241723,56,80,59
1647436305.5263774,54,80,59
1647436339.482993,56,83,59
1647436343.6099546,55,81,61
1647436347.6685894,54,84,61
1647436351.582125,54,83,59
1647436355.721851,55,83,58
1647436359.763901,54,83,58
1647436363.9130962,54,81,59
1647436368.009146,55,81,59
1647436372.2086942,54,83,56
1647436376.3137195,54,81,61
1647436380.481472,55,82,59
1647436384.5874894,54,81,60
1647436388.6672347,54,83,59
1647436392.6986864,55,82,59
1647436396.7727933,55,83,62
1647436400.788005,55,80,61
1647436404.9467983,57,80,61
1647436408.9939017,53,83,58
1647436413.0339768,54,80,58
1647436417.095085,55,84,58
1647436421.1822984,55,82,59
1647436425.1799173,53,84,61
1647436429.2207181,55,80,59
1647436433.3227487,53,83,60
1647436437.3808982,53,81,60
1647436441.3962026,57,79,58
1647436445.4284203,18,84,58
1647436449.4656253,55,83,59
1647436453.4992085,55,81,58
1647436457.5670846,55,81,62
1647436461.627718,55,84,58
1647436465.723797,54,79,60
1647436469.8380725,57,80,59
1647436473.8810966,56,83,57
1647436478.0101743,55,82,60
1647436482.0309868,55,83,57
1647436486.0105386,56,77,60
1647436490.0874908,56,83,59
1647436494.0983295,57,82,59
1647436498.1571445,57,80,60
1647436502.248342,56,82,55
1647436506.2943337,54,82,58
1647436510.3257015,56,82,58
1647436514.3536148,55,79,60
1647436518.3190467,55,82,58
1647436522.391507,55,82,60
1647436526.4576356,54,83,57
1647436530.4791589,54,82,59
1647436534.5257413,54,80,58
1647436538.6088192,55,79,58
1647436542.5837567,56,82,57
1647436546.7791529,55,83,60
1647436550.8113637,56,82,55
1647436554.8725038,57,81,61
1647436558.9397554,56,82,59
1647436563.0100503,55,81,56
1647436567.2345552,56,79,59
1647436571.1841667,55,83,54
1647436575.3225386,54,81,59
1647436579.308304,53,79,60
1647436583.3587613,56,81,62
1647436587.383002,52,83,59
1647436591.3865538,55,81,61
1647436595.4446883,12,83,57
1647436599.9925253,56,83,57
1647436604.1042078,55,81,56
1647436608.1894238,53,83,59
1647436612.3158436,52,81,56
1647436616.381972,56,81,61
1647436620.3304124,14,82,55
1647436624.381578,56,83,59
1647436628.4102387,54,80,56
1647436632.4214485,52,79,26
1647436636.4209511,56,80,60
1647436640.496132,56,80,58
1647436644.6320717,56,79,61
1647436648.7223284,56,82,61
1647436652.690303,55,80,59
1647436657.0972116,57,84,58
1647436661.3043125,56,82,62
1647436665.18013,54,81,58
1647436669.153049,56,81,58
1647436673.1155767,57,80,58
1647436677.071,57,82,62
1647436681.0234318,56,82,58
1647436684.9515302,15,84,60
1647436688.8627005,55,81,59
1647436692.8082223,57,79,57
1647436696.7446032,49,79,58
1647436700.7161412,56,81,56
1647436704.6589298,57,82,58
1647436708.6233332,56,81,56
1647436712.5809548,57,79,58
1647436716.4772372,57,82,60
1647436720.4618547,53,82,56
1647436724.4859838,59,82,56
1647436728.3808784,58,81,59
1647436732.349722,56,82,56
1647436736.289417,54,83,60
1647436740.207573,56,82,57
1647436744.2380261,54,80,61
1647436748.132927,53,82,57
1647436752.0525842,56,82,59
1647436756.0152092,57,81,59
1647436759.9277577,55,82,58
1647436763.927565,13,82,58
1647436767.833724,55,82,57
1647436771.724375,55,79,57
1647436775.6528676,55,81,57
1647436779.5322614,56,81,56
1647436783.497667,55,80,59
1647436787.4465244,56,82,57
1647436791.3744404,56,84,59
1647436795.34383,53,80,55
1647436799.3819115,57,80,56
1647436803.2851596,55,82,60
1647436807.2606883,56,82,60
1647436811.155275,56,81,56
1647436815.0700245,57,82,59
1647436818.9581046,56,85,56
1647436822.8716412,57,81,57
1647436826.7851765,54,82,55
1647436830.6718924,56,84,59
1647436834.5579126,56,82,58
1647436838.5163262,54,79,58
1647436842.4840157,55,79,61
1647436846.3683124,55,80,60
1647436850.2873967,55,81,28
1647436854.206075,56,82,57
1647436858.101659,56,82,57
1647436862.0591893,58,83,58
1647436865.9843993,52,82,60
1647436869.9420512,52,81,58
1647436873.9017549,55,81,57
1647436877.8513591,54,82,57
1647436881.7721891,54,83,58
1647436885.6996114,56,82,56
1647436889.5839114,53,82,59
1647436893.4896104,54,83,58
1647436897.34122,52,80,58
1647436901.290487,55,81,58
1647436905.2040207,56,81,59
1647436909.1006014,54,82,61
1647436913.003717,55,83,59
1647436916.9919946,54,81,60
1647436920.999121,55,82,59
1647436924.927616,53,79,57
1647436928.8803108,55,82,58
1647436932.749343,55,83,56
1647436936.669392,57,81,60
1647436940.6051192,55,82,59
1647436944.5276303,54,82,56
1647436948.6374154,54,82,60
1647436952.68335,56,81,58
1647436956.77412,55,81,28
1647436960.6557412,55,81,60
1647436964.5019987,57,81,58
1647436968.3506198,57,82,59
1647436972.2343388,55,82,61
1647436976.0561461,54,83,57
1647436979.9437225,55,82,58
1647437498.6319032,56,82,58
1647440533.5155258,50,82,59
1647440537.433063,3,84,59
1647440541.2782943,29,82,59
1647440545.5263605,49,81,58
1647440549.7714858,27,83,59
1647440553.895666,53,81,59
1647440557.755317,47,82,56
1647440561.5454645,22,82,56
1647440565.794118,19,80,57
1647440570.285293,49,78,57
1647440574.7093008,51,81,62
1647440578.7094266,51,82,55
1647440583.0533953,10,83,57
1647440587.2117894,50,85,58
1647440591.5067694,11,83,56
1647440595.7377253,51,83,58
1647440600.0972257,46,84,58
1647440604.5393393,13,83,57
1647440608.7620459,9,81,60
1647440613.3304253,50,81,60
1647440618.4238055,52,83,57
1647440622.7142673,2,81,59
1647440627.2617185,52,82,58
1647440631.692873,7,82,57
1647440635.9307637,52,83,59
1647440640.1878483,8,82,59
1647440644.3023643,53,83,61
1647440648.4532702,25,83,58
1647440653.0365248,53,83,60
1647440657.4159513,52,81,60
1647440661.5582185,53,81,62
1647440666.0093365,52,81,61
1647440670.4296558,51,81,61
1647440674.3951755,49,81,58
1647440678.3086803,50,82,60
1647440682.4019709,50,81,60
1647440686.4061794,51,82,60
1647440809.141313,30,83,61
1647440812.889441,54,79,60
1647440816.78575,53,84,59
1647440821.174512,52,83,59
1647440825.2712371,56,82,58
1647440829.4006243,55,84,60
1647440833.828879,54,84,59
1647440837.9187934,55,82,56
1647440841.8593018,56,80,61
1647440846.2044883,56,84,59
1647440850.585672,56,81,58
1647440854.864879,53,84,56
1647440858.9928403,57,83,61
1647440862.9791641,56,82,60
1647440866.940457,56,84,58
1647440870.8246863,53,83,60
1647440874.6602635,56,83,61
1647440878.7196105,56,83,60
1647440882.9828815,55,83,58
1647440887.2111838,56,83,61
1647440891.354255,56,83,59
1647440895.4407685,53,84,61
1647440899.3316123,55,82,57
1647440903.2359114,55,82,61
1647440907.1762404,56,81,57
1647440911.3174117,57,82,61
1647440915.4149628,53,85,61
1647440919.5200303,57,83,58
1647440923.8389797,57,84,60
1647440928.0986867,53,82,58
1647440932.4847896,57,84,59
1647440936.864528,56,84,60
1647440940.9663615,54,83,61
1647440945.0604143,57,83,59
1647440948.9851382,55,84,58
1647440952.8745315,55,84,58
1647440957.3736205,56,79,61
1647440961.6690724,55,82,59
1647440966.1340833,54,81,61
1647440970.4397953,54,82,59
1647440975.0419807,55,82,62
1647440979.1250644,58,82,58
1647440983.3364189,56,81,59
1647440987.9070923,57,80,56
1647440992.2652383,57,81,58
1647440996.8496542,54,82,60
1647441001.2656124,55,81,56
1647441005.7595003,57,81,57
1647441010.1328063,54,82,58
1647441014.8097346,56,83,57
1647441018.8797967,57,80,56
1647441022.8171394,56,82,60
1647441027.1007001,55,82,56
1647441031.6055362,57,81,59
1647441035.7576218,13,82,59
1647441040.7781987,53,81,56
1647441045.956434,57,82,60
1647441050.5451646,54,82,59
1647441055.0371535,56,82,28
1647441059.5081978,56,82,59
1647441063.7827673,56,83,59
1647441068.006475,56,82,21
1647441072.2016156,55,81,57
1647441076.8855934,56,80,56
1647441081.5291662,54,81,58
1647441086.1054282,52,80,58
1647441090.5694919,56,82,58
1647441095.1093524,56,83,58
1647441099.866631,54,79,61
1647441104.127241,54,85,62
1647441109.0751617,56,80,56
1647441113.7661293,56,80,58
1647441118.1943367,53,82,58
1647441122.3771899,55,84,60
1647441126.5789163,54,80,59
1647441130.9931147,56,81,58
1647441135.950924,56,83,58
1647441140.4128366,55,79,59
1647441145.1310234,57,83,58
1647441149.3175454,55,82,58
1647441153.269501,57,81,53
1647441157.536093,58,83,57
1647441161.9464467,12,82,58
1647441166.4218712,54,81,59
1647441170.80246,54,81,60
1647441175.081128,55,82,59
1647441179.5303957,56,82,58
1647441184.3754427,57,83,57
1647441188.6998756,56,82,57
1647441192.888891,56,81,58
1647441196.9167836,56,80,58
1647441201.1305187,57,83,59
1647441205.8736925,57,84,57
1647441210.3178077,58,82,58
1647441214.7788804,57,82,61
1647441219.590015,56,82,59
1647441224.591472,56,82,60
1647441229.3958244,56,81,58
1647441233.7710114,56,80,60
1647441238.588129,57,81,57
1647441243.2457142,56,83,58
1647441248.4089267,56,82,58
1647441253.4639437,57,82,56
1647441258.5422034,55,82,58
1647441262.6432374,56,81,60
1647441266.8539937,56,83,58
1647441271.1824064,55,82,61
1647441275.1782331,56,82,58
1647441279.705129,56,82,55
1647441284.138124,57,82,58
1647441288.1912847,56,82,57
1647441292.583432,54,79,58
1647441296.5258932,56,84,60
1647441300.7561612,56,82,61
1647441304.9549305,54,81,31
1647441309.2086895,55,85,56
1647441313.8423567,55,81,59
1647441317.9429889,58,81,59
1647441322.8345723,56,82,57
1647441327.1151285,57,82,55
1647441331.948956,55,82,30
1647441336.3023117,55,81,58
1647441341.1368017,58,81,56
1647441345.6899686,58,83,60
1647441349.2713954,55,81,57
1647441352.9252667,55,83,57
1647441356.442799,55,81,57
1647441360.546913,54,81,58
1647441364.900122,57,82,57
1647441369.5118635,54,82,29
1647441374.103577,54,78,59
1647441378.7016048,56,82,58
1647441383.1418972,56,83,56
1647441387.4161708,54,83,54
1647441392.1593935,54,81,57
1647441396.0878892,56,80,55
1647441399.8973355,56,80,58
1647441403.5954463,57,81,58
1647441407.876719,58,82,59
1647441412.0663145,55,81,55
1647441416.2855856,57,83,58
1647441420.3357568,54,81,56
1647441424.3171103,57,81,55
1647441428.401189,57,84,59
1647441432.3167193,55,83,59
1647441436.449668,54,83,59
1647441440.7837896,56,82,57
1647441444.8581357,56,81,58
1647441448.9655948,57,83,60
1647441453.142426,58,81,57
1647441457.43794,57,82,59
1647441461.508562,58,84,57
1647441465.5253944,56,83,58
1647441469.58196,58,81,58
1647441473.5968797,58,81,59
1647441477.954437,56,84,59
1647441482.1433308,57,82,61
1647441486.1376507,57,84,56
1647441490.5440369,58,82,56
1647441495.2168443,53,81,57
1647441499.6988783,58,83,58
1647441503.3531067,57,83,58
1647441507.0469174,58,81,25
1647441510.8835223,56,83,58
1647441515.337818,57,81,58
1647441519.810652,56,82,54
1647441523.652378,56,79,56
1647441527.3794146,55,81,56
1647441531.7726657,55,83,58
1647441535.77995,55,83,59
1647441540.1013944,56,82,60
1647441544.6522264,57,82,57
1647441549.2359693,57,84,58
1647441553.2362716,55,82,59
1647441557.68341,58,82,59
1647441562.1385322,56,81,60
1647441565.8515706,56,82,60
1647441569.5666378,57,80,59
1647441573.7019627,57,81,57
1647441577.851376,56,82,58
1647441581.8791375,55,83,56
1647441586.3479264,56,81,57
1647441590.412009,53,80,58
1647441595.1962159,57,82,56
1647441599.7087493,56,80,55
1647441604.335208,57,82,57
1647441608.7185402,58,82,59
1647441613.0548172,55,83,58
1647441617.143883,56,82,56
1647441621.7047222,56,81,55
1647441625.9459438,57,81,57
1647441629.6627688,56,82,58
1647441633.1401126,58,81,57
1647441636.7021215,58,81,59
1647441640.2010617,54,84,57
1647441643.7346132,57,81,58
1647441647.2143085,55,82,59
1647441650.9185548,58,81,57
1647441654.893995,56,84,58
1647441658.734723,59,82,58
1647441662.4753914,56,81,56
1647441666.3096585,53,82,57
1647441670.1953764,58,81,58
1647441673.9746764,56,80,57
1647441677.8053987,58,83,57
1647441681.7343028,56,82,19
1647441685.8391411,56,84,55
1647441689.7942495,56,80,56
1647441693.7756045,55,82,60
1647441698.1678574,56,84,57
1647441702.1823378,58,81,60
1647441706.5511763,58,82,55
1647441710.719029,58,83,59
1647441715.0283554,56,82,54
1647441719.462229,57,80,59
1647441723.83507,58,81,57
1647441727.601004,57,82,58
1647441731.7349477,59,82,60
1647441736.3262348,56,83,57
1647441740.9320962,56,83,58
1647441745.4638028,56,82,57
1647441750.310841,57,83,57
1647441754.739586,55,83,56
1647441758.4835749,57,81,56
1647441762.1169262,53,82,55
1647441765.9915643,57,82,56
1647441769.6034331,57,82,57
1647441773.9728756,57,82,56
1647441778.2269466,58,81,56
1647441782.6141129,58,82,58
1647441786.93057,56,84,55
1647441790.8510873,58,81,57
1647441794.7841494,58,80,53
1647441798.4465349,57,81,58
1647441802.2661052,57,83,57
1647441806.4410915,56,85,56
1647441810.5324202,58,82,55
1647441814.7965074,58,82,57
1647441818.9294574,58,83,56
1647441823.5099247,57,84,58
1647441827.7189076,58,82,59
1647441832.1593833,56,83,27
1647441836.3721168,57,83,59
1647441840.7740262,57,83,58
1647441845.236128,55,82,55
1647441849.483404,57,81,57
1647441853.9355013,57,81,55
1647441858.187626,56,83,56
1647441862.5230246,57,81,55
1647441867.190788,58,81,56
1647441871.7030377,58,83,58
1647441875.8314767,55,81,60
1647441879.946621,57,80,58
1647441884.1084409,58,81,57
1647441888.3614585,58,81,60
1647441892.8793938,57,82,58
1647441897.3723965,57,83,55
1647441901.716987,58,80,55
1647441906.0713398,56,83,59
1647441910.2280896,57,83,59
1647441914.5266194,57,81,57
1647441918.9478803,57,80,55
1647441923.2693517,56,82,59
1647441927.6626487,56,82,58
1647441932.0249898,58,82,55
1647441936.5508897,58,79,59
1647441940.9182086,56,84,59
1647441945.1339915,56,80,50
1647441949.2761939,55,81,49
1647441953.8958445,58,81,49
1647441958.7757936,55,82,52
1647441963.231142,55,80,49
1647441967.8980014,55,82,50
1647441972.0067997,56,82,55
1647441976.3945312,56,81,47
1647441980.8105862,54,80,52
1647441985.3364584,58,82,51
1647441989.960096,56,79,49
1647441994.716401,56,79,52
1647441998.8823917,56,80,52
1647442003.2297943,58,80,52
1647442007.735741,56,80,51
1647442012.2490227,57,80,53
1647442016.5312307,60,79,49
1647442073.758146,57,83,58
1647442077.6696868,59,80,61
1647442081.668508,56,82,58
1647442130.851535,9,83,62
1647442134.836133,55,85,60
1647442138.804485,56,81,62
1647442142.8182588,56,82,61
1647442146.8116822,58,84,61
1647442150.8658414,53,82,58
1647442154.7893236,57,81,59
1647442158.8558989,56,83,59
1647442163.0422943,58,83,58
1647442167.1474175,56,82,60
1647442171.2366848,57,80,27
1647442175.3068016,55,82,59
1647442179.3320384,57,82,60
1647504163.7322814,0,17,81
1647504167.4563184,0,46,79
1647504171.1693897,0,45,80
1647504174.8964233,46,73,57
1647504178.6543772,44,80,53
1647504182.6875901,35,79,55
1647504186.7692006,45,37,54
1647504190.9083807,45,76,54
1647504194.8626668,5,76,57
1647504198.8410194,46,81,59
1647504202.884734,44,35,55
1647504207.0750666,44,78,53
1647504211.381239,7,78,56
1647504216.210838,47,32,55
1647504221.0612173,43,77,55
1647504225.8292885,42,78,55
1647504230.686301,42,78,54
1647504235.0944114,43,76,56
1647504239.4126105,46,81,56
1647504243.7829254,43,37,54
1647504248.071457,42,75,54
1647504252.67415,46,79,56
1647504257.2795277,41,79,57
1647504261.588714,8,77,56
1647504265.9034572,21,81,56
1647504270.6986647,43,78,57
1647504275.137066,8,77,55
1647504279.7018602,37,80,54
1647504284.2175035,42,80,57
1647504288.6520264,44,79,57
1647504292.8156517,45,76,54
1647504297.3367364,42,76,55
1647504302.4615448,45,36,57
1647504306.8036761,43,79,57
1647504311.0004544,47,78,54
1647504315.1520348,47,76,55
1647504319.2844229,12,78,55
1647504323.8028352,43,78,55
1647504328.3123477,8,77,55
1647504332.654437,48,79,55
1647504337.157538,47,76,55
1647504341.3739035,45,81,56
1647504345.8768618,44,78,55
1647504350.0696535,45,62,55
1647504354.3751905,42,75,57
1647504358.8372598,44,79,56
1647504363.5079467,41,79,57
1647504368.2015746,42,80,58
1647504372.477339,42,80,56
1647504376.5763783,46,56,55
1647504380.6918783,43,77,56
1647504384.980569,8,78,56
1647504389.0388465,43,80,54
1647504393.6132762,9,78,54
1647504397.7462246,45,78,57
1647504401.9160748,46,79,57
1647504406.5926554,8,82,56
1647504412.3003926,45,80,57
1647504417.8495545,46,81,57
1647504422.7753825,41,79,54
1647504427.1458132,0,79,57
1647504431.8252995,43,78,55
1647504436.0011322,43,76,56
1647504440.2703927,43,40,54
1647504444.8840566,24,79,57
1647504448.9143267,42,75,54
1647504452.8308537,48,40,56
1647504456.7314265,45,78,55
1647504460.623018,42,80,55
1647504464.5604887,42,35,54
1647504468.4670434,42,81,54
1647504472.3875601,46,81,54
1647504476.3069668,45,79,56
1647504480.2051487,46,74,56
1647504484.0578477,44,33,53
1647504487.930658,45,37,55
1647504491.7974591,45,80,55
1647504495.7101557,45,81,55
1647504499.5309653,39,80,57
1647504503.4461353,45,40,58
1647504507.3503559,48,81,57
1647504511.586031,45,80,57
1647504515.815722,47,78,57
1647504520.0204778,45,40,56
1647504523.9639325,45,80,56
1647504527.8894346,44,77,54
1647504531.660352,45,79,56
1647504535.7441535,43,82,56
1647504540.1802912,43,79,56
1647504544.787971,44,81,57
1647504548.8901432,45,81,57
1647504552.9193325,48,80,56
1647504557.1971202,40,80,56
1647504562.423146,90,72,0
1647504567.3439875,87,69,0
1647504572.180056,90,72,0
1647504576.4087484,89,71,0
1647504580.4808638,92,69,0
1647504584.4442647,90,72,0
1647504589.3242142,89,73,0
1647504593.3185327,89,69,0
1647504597.224092,91,73,0
1647504601.1106195,91,75,0
1647504605.064051,92,70,0
1647504608.9965322,93,70,0
1647504612.8292851,90,70,0
1647504616.5955791,89,72,0
1647504620.375204,90,70,0
1647504624.2066483,89,72,0
1647504628.0194542,91,69,0
1647504631.8254218,91,71,0
1647504635.6224036,87,75,0
1647504639.4731224,89,72,0
1647504643.2736924,93,69,0
1647504647.0453992,91,70,0
1647504650.8871279,92,70,0
1647504654.6972716,93,74,0
1647504658.4664738,93,67,0
1647504662.2886982,90,70,0
1647504666.09716,91,74,0
1647504669.8979993,88,71,0
1647504673.6421838,88,67,0
1647504677.4027574,88,67,0
1647504681.1803195,90,71,0
1647504684.9465733,92,80,0
1647504689.0257604,94,68,0
1647504692.8239932,94,74,0
1647504697.0237658,92,72,0
1647504701.1387641,93,70,0
1647504705.1323988,92,71,0
1647504709.7111557,93,71,0
1647504713.8939705,92,72,0
1647504718.215209,92,72,0
1647504722.6154468,94,71,0
1647504727.0974612,92,72,0
1647504731.509661,94,68,0
1647504735.6172755,92,71,0
1647504739.6704388,93,73,0
1647504743.7036533,95,72,0
1647504747.694981,94,71,0
1647504751.7990067,93,74,0
1647504756.1005049,92,73,0
1647504760.3760717,95,70,0
1647504764.6715858,97,70,0
1647504769.2353818,94,70,0
1647504773.3922718,95,68,0
1647504777.5840576,96,68,0
1647504781.707036,97,74,0
1647504785.9716318,93,72,0
1647504790.2850986,91,79,0
1647504794.3502274,94,74,0
1647504798.700654,91,71,0
1647504802.960226,94,71,0
1647504807.1131206,94,71,0
1647504811.4018602,94,69,0
1647504815.5747023,92,71,0
1647504819.851267,93,74,0
1647504824.060011,91,75,0
1647504828.2907004,94,77,0
1647504832.6390715,95,79,0
1647504836.839838,94,69,0
1647504841.0181537,93,71,0
1647504845.5307515,92,74,0
1647504849.9788568,92,75,0
1647504854.9441037,96,73,0
1647504859.49294,92,70,0
1647504864.4518118,93,72,0
1647504870.7200513,92,72,0
1647504876.6317592,95,78,0
1647504881.2856476,92,76,0
1647504885.8505733,94,73,0
1647504890.4149048,92,82,0
1647504895.1382763,94,71,0
1647504899.301143,87,75,0
1647504903.415143,95,76,0
1647504907.5091956,95,75,0
1647504911.657106,95,73,0
1647504916.1291454,95,76,0
1647504920.4436085,96,69,0
1647504924.5945115,96,71,0
1647504928.5279918,91,71,0
1647504932.3717132,95,73,0
1647504936.2972164,92,73,0
1647504940.1509123,93,77,0
1647504944.2100587,93,72,0
1647504948.7608907,95,73,0
1647504953.6189208,94,69,0
1647504958.251535,93,70,0
1647504962.8831515,94,70,0
1647504967.4150314,96,68,0
1647504972.0546613,94,69,0
1647504976.4818227,96,66,0
1647504980.8780754,99,69,0
1647504985.578091,95,73,0
1647504990.1997328,95,71,0
1647504994.559077,97,71,0
1647504999.114414,98,67,0
1647505003.24736,96,70,0
1647505007.7902117,95,69,0
1647505012.164757,95,69,0
1647505016.3914826,95,72,0
1647505020.4413302,99,68,0
1647505024.3429012,97,67,0
1647505028.2765021,97,70,0
1647505032.361581,96,76,0
1647505036.4077597,97,69,0
1647505040.587583,96,70,0
1647505045.120675,96,71,0
1647505049.8025348,96,71,0
1647505054.2326877,96,70,0
1647505057.9696946,96,72,0
1647505061.8184037,92,20,0
1647505065.740921,94,5,0
1647505069.6155624,92,11,0
1647505073.8364797,91,18,0
1647505078.131901,92,0,0
1647505082.2169774,93,11,0
1647505086.2641547,92,24,0
1647505090.1976411,89,21,0
1647505094.1171596,93,9,0
1647505098.0678828,92,2,0
1647505101.997375,92,18,0
1647505105.8938148,94,0,0
1647505109.8061774,93,0,0
1647505113.9231684,90,10,0
1647505117.907514,93,22,0
1647505121.7962627,92,4,0
1647505125.7378652,89,1,0
1647505129.6091347,92,0,0
1647505133.5386274,93,15,0
1647505137.4481735,90,9,0
1647505141.3624117,90,0,0
1647505145.2084064,94,11,0
1647505149.127128,96,0,0
1647505152.8920646,90,12,0
1647505156.6250799,89,21,0
1647505160.3727195,93,17,0
1647505164.184829,89,9,0
1647505167.9708781,92,12,0
1647505171.6482022,90,17,0
1647505175.4580145,91,1,0
1647505179.268999,88,14,0
1647505183.0458686,90,0,0
1647505187.2878375,91,8,0
1647505191.2781634,93,4,0
1647505195.2885573,90,11,0
1647505199.3038228,93,12,0
1647505203.1834455,92,10,0
1647505206.977299,94,10,0
1647505210.9617703,91,0,0
1647505214.9623325,92,10,0
1647505219.2309198,91,17,0
1647505223.8036883,92,0,0
1647505227.8468785,93,0,0
1647505231.8262372,88,10,0
1647505235.6829247,89,11,0
1647505239.7921662,93,0,0
1647505243.8245504,91,21,0
1647505247.829442,92,11,0
1647505251.5465038,90,0,0
1647505255.3822465,90,4,0
1647505259.148177,93,10,0
1647505262.9414623,92,21,0
1647505266.6647363,92,5,0
1647505270.4463375,89,7,0
1647505274.2391946,89,13,0
1647505277.9532654,94,11,0
1647505281.748386,92,18,0
1647505285.5139577,92,15,0
1647505289.242658,93,14,0
1647505293.0714493,93,15,0
1647505296.912,93,15,0
1647505300.6901932,91,17,0
1647505304.4422336,94,22,0
1647505308.2340982,92,15,0
1647505311.9884493,93,13,0
1647505315.698167,93,15,0
1647505319.4588637,91,1,0
1647505323.2287862,94,15,0
1647505326.9483902,90,13,0
1647505330.6628335,93,6,0
1647505334.4448843,91,7,0
1647505338.2277684,94,12,0
1647505341.9123292,92,14,0
1647505345.6461847,94,21,0
1647505349.4389372,94,2,0
1647505353.1111174,95,14,0
1647505356.900982,91,9,0
1647505360.6289349,93,10,0
1647505364.3838894,94,3,0
1647505368.0921078,91,9,0
1647505371.8292964,92,18,0
1647505375.5801747,92,0,0
1647505379.3426182,94,14,0
1647505383.072613,89,0,0
1647505386.821856,93,14,0
1647505390.6476252,92,14,0
1647505394.386823,93,0,0
1647505398.1435955,93,24,0
1647505401.881298,93,3,0
1647505405.6033454,96,17,0
1647505409.4421275,94,11,0
1647505413.1881151,92,21,0
1647505416.9769793,88,9,0
1647505420.7151601,93,14,0
1647505424.4363573,90,6,0
1647505428.2169256,93,21,0
1647505431.9571793,94,20,0
1647505435.6529548,94,8,0
1647505439.393564,93,7,0
1647505443.1315694,93,8,0
1647505446.8893752,88,13,0
1647505450.5847223,94,6,0
1647505454.2191246,92,20,0
1647505457.9581282,93,12,0
1647505461.7095826,94,22,0
1647505465.4456098,95,19,0
1647505469.1792922,98,4,0
1647505472.9970815,42,8,0
1647505476.7460546,10,4,0
1647505480.5190992,35,15,0
1647505484.571041,7,12,0
1647505488.524976,2,10,0
1647505492.4006612,35,9,0
1647505496.4883595,41,10,0
1647505500.7138119,3,9,0
1647505504.4973176,60,19,0
1647505508.2203624,42,11,0
1647505511.9523833,28,10,0
1647505515.7425306,35,3,0
1647505519.8183086,39,18,0
1647505524.6893585,60,14,0
1647505529.400787,51,10,0
1647505533.8925345,8,11,0
1647505538.4581933,42,6,0
1647505543.2473285,11,6,0
1647505547.8822055,7,10,0
1647505552.4860969,52,21,0
1647505556.631015,63,1,0
1647505560.8876324,6,23,0
1647505565.1876414,48,11,0
1647505569.189402,59,11,0
1647505573.181569,41,20,0
1647505577.0143209,41,16,0
1647505580.7592711,30,14,0
1647505584.5238016,3,8,0
1647505588.341772,9,13,0
1647505592.1256528,5,14,0
1647505595.8885884,31,15,0
1647505599.6188536,39,4,0
1647505603.3748293,0,21,0
1647505607.1347747,38,8,0
1647505610.8947725,21,7,0
1647505614.623103,8,7,0
1647505618.409683,57,8,0
1647505622.1985528,40,12,0
1647505625.9386232,34,7,0
1647505629.6957824,44,8,0
1647505633.4587207,37,11,0
1647505637.2502909,44,17,0
1647505640.9865594,10,22,0
1647505644.7100856,0,12,0
1647505648.4508796,41,4,0
1647505652.259698,43,8,0
1647505656.0559905,60,15,0
1647505659.8117726,4,2,0
1647505663.5917995,13,10,0
1647505667.3761275,39,11,0
1647505671.0602765,11,9,0
1647505674.8519032,59,15,0
1647505678.6389284,37,8,0
1647505682.418008,32,20,0
1647505686.2599633,58,28,0
1647505690.2062492,0,10,0
1647505694.043988,19,12,0
1647505697.9026008,95,4,0
1647505701.8916185,95,6,0
1647505706.2738857,92,0,0
1647505710.6003177,91,23,0
1647505714.5507548,93,24,0
1647505718.7644863,91,13,0
1647505723.1397877,90,23,0
1647505727.6626947,90,17,0
1647505731.6899247,89,11,0
1647505735.8158922,89,13,0
1647505740.347774,89,21,0
1647505744.6557622,88,10,0
1647505749.1018755,87,2,0
1647505753.1045003,91,11,0
1647505757.7686877,91,14,0
1647505762.1310232,92,2,0
1647505766.5681586,89,24,0
1647505770.966412,90,0,0
1647505775.3925803,89,3,0
1647505779.7469344,90,21,0
1647505784.3306775,93,16,0
1647505788.839626,90,13,0
1647505793.7784157,90,4,0
1647505798.3751228,92,2,0
1647505802.6836019,88,16,0
1647505806.987094,88,0,0
1647505811.307546,95,13,0
1647505815.7376952,94,0,0
1647505820.08208,91,17,0
1647505824.4364355,90,12,0
1647505828.813731,90,17,0
1647505833.153127,93,0,0
1647505837.6331496,95,19,0
1647505841.9954855,95,17,0
1647505846.3328855,91,21,0
1647505850.7730124,94,15,0
1647505855.1842167,94,12,0
1647505859.527605,94,21,0
1647505863.7513094,94,10,0
1647505867.743635,96,19,0
1647505871.8007858,94,14,0
1647505875.7984269,93,13,0
1647505879.7999527,91,8,0
1647505883.8239849,88,15,0
1647505887.7934012,95,22,0
1647505891.8734906,94,18,0
1647505895.9226642,93,17,0
1647505899.918244,91,13,0
1647505903.910188,88,21,0
1647505907.935721,88,0,0
1647505911.9261963,95,21,0
1647505915.9576364,93,14,0
1647505920.0194407,92,20,0
1647505924.1194766,91,0,0
1647505928.2078402,92,22,0
1647505932.274966,95,14,0
1647505936.3884885,93,16,0
1647505940.3541405,93,1,0
1647505944.3844557,90,0,0
1647505948.4408417,93,21,0
1647505952.543843,94,17,0
1647505956.6039863,92,13,0
1647505960.6511977,96,15,0
1647505964.656123,94,11,0
1647505968.62941,91,19,0
1647505972.6511602,93,19,0
1647505976.6585836,92,17,0
1647505980.689952,93,10,0
1647505984.7217937,93,18,0
1647505988.7757738,89,14,0
1647505992.7786257,92,22,0
1647505996.8788183,94,18,0
1647506000.8822756,89,18,0
1647506004.9071667,89,12,0
1647506008.873888,91,10,0
1647506012.99886,92,17,0
1647506017.116669,92,15,0
1647506021.0702984,90,19,0
1647506025.058986,93,11,0
1647506029.1261141,89,18,0
1647506033.1551788,95,19,0
1647506037.3474727,93,10,0
1647506041.3903422,92,24,0
1647506045.3278115,94,22,0
1647506049.3522003,95,0,0
1647506053.3830843,92,11,0
1647506057.4523466,94,16,0
1647506061.5404158,91,22,0
1647506065.5191183,91,19,0
1647506069.5346205,93,24,0
1647506073.5754507,91,17,0
1647506077.597698,92,20,0
1647506081.6202514,93,0,0
1647506085.7837608,92,16,0
1647506090.3124354,92,19,0
1647506094.2270005,90,0,0
1647506098.2275834,94,18,0
1647506102.2194428,94,3,0
1647506106.176524,93,13,0
1647506110.192141,92,0,0
1647506114.1685019,91,18,0
1647506118.1526158,92,23,0
1647506122.1101644,91,19,0
1647506126.0865333,94,19,0
1647506130.0291631,90,12,0
1647506134.00553,96,14,0
1647506137.9561403,95,22,0
1647506141.9065757,94,23,0
1647506145.9032083,90,8,0
1647506149.7821178,94,8,0
1647506153.8016357,91,22,0
1647506158.009398,93,14,0
1647506162.002719,92,18,0
1647506165.9322097,92,21,0
1647506169.9756043,93,12,0
1647506173.9384842,94,17,0
1647506177.8573222,92,19,0
1647506181.8825428,92,19,0
1647506185.877859,92,18,0
1647506189.825714,92,21,0
1647506193.8270166,91,14,0
1647506197.7745016,93,20,0
1647506201.7272174,90,0,0
1647506205.7674148,92,17,0
1647506209.6530244,88,23,0
1647506213.5433068,89,12,0
1647506217.516473,91,13,0
1647506221.52659,91,20,0
1647506225.532036,91,11,0
1647506229.4282758,96,21,0
1647506233.3629072,93,12,0
1647506237.3275845,88,0,0
1647506241.2423325,91,21,0
1647506245.2259786,91,18,0
1647506249.2164452,90,21,0
1647506253.1489289,92,22,0
1647506257.1442442,89,11,0
1647506261.1686318,91,0,0
1647506265.2199373,93,1,0
1647506269.1715875,91,22,0
1647506273.1290064,92,19,0
1647506277.1077623,94,12,0
1647506281.0892556,89,13,0
1647506285.0568187,90,11,0
1647506288.9863129,93,14,0
1647506292.9527056,90,12,0
1647506296.8723736,90,8,0
1647506300.8533921,90,19,0
1647506304.8536732,90,22,0
1647506308.8211436,92,16,0
1647506312.7417157,94,9,0
1647506316.7442815,93,8,0
1647506320.6813838,90,16,0
1647506324.6161728,91,21,0
1647506328.5746763,89,14,0
1647506332.547389,89,14,0
1647506336.6321936,88,16,0
1647506340.6361384,94,0,0
1647506344.6587467,91,13,0
1647506348.6663349,94,11,0
1647506352.618928,91,19,0
1647506356.49955,88,18,0
1647506360.5029643,92,11,0
1647506364.4676821,93,20,0
1647506368.4704823,92,10,0
1647506372.5008564,91,0,0
1647506376.394446,90,20,0
1647506380.3505626,91,0,0
1647506384.3039963,91,12,0
1647506388.2625458,93,13,0
1647506392.331131,88,17,0
1647506396.4065657,94,0,0
1647506400.7104917,90,3,0
1647506404.9431741,93,17,0
1647506409.041215,87,0,0
1647506413.793508,88,0,0
1647506418.432104,94,14,0
1647506423.3419795,93,22,0
1647506428.3536139,93,19,0
1647506432.987262,88,12,0
1647506437.2129626,88,0,0
1647506441.4127326,92,20,0
1647506446.1500642,93,0,0
1647506451.412453,89,2,0
1647506456.4430003,88,13,0
1647506461.4848046,90,19,0
1647506466.23167,88,0,0
1647506470.7680595,89,4,0
1647506475.1284015,93,12,0
1647506479.2126005,89,13,0
1647506483.3391368,89,16,0
1647506487.4009435,89,3,0
1647506491.5593827,93,0,0
1647506495.5872445,95,1,0
1647506500.1335943,87,0,0
1647506505.0805225,89,20,0
1647506509.489716,87,18,0
1647506513.564386,94,11,0
1647506517.7550883,88,0,0
1647506521.9238663,90,14,0
1647506526.2152143,90,0,0
1647506530.4719403,90,0,0
1647506534.8180618,90,0,0
1647506538.9898086,92,0,0
1647506543.0960538,85,7,0
1647506547.6336598,89,9,0
1647506551.941142,86,20,0
1647506556.312455,90,18,0
1647506560.5473363,92,13,0
1647506565.0658708,93,15,0
1647506569.292951,93,14,0
1647506573.7881544,92,0,0
1647506578.5263274,88,15,0
1647506583.2731154,93,0,0
1647506587.5692098,91,11,0
1647506591.7410839,85,15,0
1647506596.031732,88,18,0
1647506600.0130904,89,20,0
1647506603.9199228,93,0,0
1647506608.421888,90,19,0
1647506612.6735165,93,20,0
1647506617.247288,92,18,0
1647506621.5088933,88,10,0
1647506626.0105715,94,20,0
1647506630.3230617,89,0,0
1647506634.9708662,92,17,0
1647506639.131741,93,13,0
1647506644.014117,92,7,0
1647506648.5117998,90,11,0
1647506652.906446,89,21,0
1647506657.253447,89,0,0
1647506661.4601994,89,17,0
1647506665.4475367,91,0,0
1647506670.8032165,93,0,0
1647506675.7180781,88,19,0
1647506680.0971384,92,18,0
1647506684.6792595,90,21,0
1647506689.01766,91,10,0
1647506693.5335836,90,17,0
1647506698.0009015,92,13,0
1647506702.1208851,89,16,0
1647506706.2109532,86,15,0
1647506710.8113112,93,12,0
1647506715.2005763,89,12,0
1647506719.4123127,93,16,0
1647506724.2214766,94,19,0
1647506729.0264108,91,1,0
1647506733.1852925,94,2,0
1647506737.6304958,90,12,0
1647506741.9282758,92,0,0
1647506746.4566045,92,0,0
1647506750.9734175,90,0,0
1647506755.2818973,90,16,0
1647506759.8068,92,0,0
1647506764.2549062,91,0,0
1647506769.3673646,91,13,0
1647506773.8095863,90,0,0
1647506778.0454977,92,16,0
1647506782.0991726,90,12,0
1647506786.7462685,89,0,0
1647506791.1554782,92,0,0
1647506795.7342913,88,15,0
1647506800.151481,92,21,0
1647506804.7232563,88,15,0
1647506809.273088,88,0,0
1647506813.8608248,92,17,0
1647506818.3703327,87,15,0
1647506822.965626,91,10,0
1647506827.3714778,94,13,0
1647506832.0427146,94,0,0
1647506836.7216134,89,19,0
1647506840.9463198,90,19,0
1647506845.1680357,88,17,0
1647506849.2881472,90,19,0
1647506853.4701638,94,0,0
1647506857.744004,95,20,0
1647506861.940974,93,18,0
1647506866.519493,92,9,0
1647506871.493264,90,16,0
1647506875.8732142,86,20,0
1647506880.1226218,93,19,0
1647506884.7816575,88,16,0
1647506889.3724635,92,1,0
1647506894.4127078,89,8,0
1647506899.1713994,90,10,0
1647506903.4000888,93,8,0
1647506907.4768436,94,2,0
1647506911.65743,91,7,0
1647506915.7140894,91,72,0
1647506919.8490343,89,5,0
1647506923.9243364,93,93,0
1647506928.1120539,94,29,0
1647506932.2911894,94,90,0
1647506936.3056016,94,15,0
1647506940.370795,92,89,0
1647506944.4379199,94,92,0
1647506948.4539878,94,90,0
1647506952.4988525,94,90,0
1647506956.522381,94,72,0
1647506960.5865116,93,34,0
1647506964.6182542,94,87,0
1647506968.6950262,94,73,0
1647506973.5369897,92,94,0
1647506978.3061593,92,72,0
1647506982.6984117,95,72,0
1647506986.908175,94,93,0
1647506991.101079,94,70,0
1647506995.2943969,91,66,0
1647506999.3894475,94,5,0
1647507003.5223951,91,8,0
1647507007.7782972,89,85,0
1647507011.9697788,94,9,0
1647507016.3420882,91,25,0
1647507020.520924,92,76,0
1647507024.9032843,92,1,0
1647507029.248668,89,73,0
1647507033.439744,93,13,0
1647507037.6378064,92,75,0
1647517823.9657385,46,81,84
1647517828.0438342,48,79,84
1647517832.0561063,50,81,83
1647517836.0584056,50,82,85
1647517840.0896266,50,78,84
1647517844.0939956,51,82,86
1647517848.0978103,50,80,86
1647517852.187112,49,85,83
1647517856.3576717,51,81,84
1647517860.472667,48,76,4
1647517864.5617344,48,77,65
1647517868.7281232,48,73,65
1647517872.8371375,48,73,65
1647517877.1351519,47,72,66
1647517881.2870824,49,74,67
1647517885.4928381,48,72,65
1647517890.1585557,48,72,65
1647517894.6964219,49,74,66
1647517898.8393464,49,75,66
1647517902.9702985,47,73,67
1647517907.0444093,52,72,65
1647517911.476555,48,75,66
1647517915.7511265,47,74,66
1647517920.2655272,51,74,66
1647517925.3489335,49,73,66
1647517930.9155946,48,75,66
1647517935.648491,48,74,67
1647517940.2221692,47,74,66
1647517944.5207498,49,71,68
1647517948.7035651,47,71,65
1647517953.05992,48,72,66
1647517957.2337582,47,74,66
1647517961.3078637,50,72,67
1647517965.3630202,49,73,66
1647517969.4201777,54,73,65
1647517973.4705062,47,72,65
1647517977.5306513,53,72,65
1647517981.6325169,51,72,67
1647517985.7066238,50,71,67
1647517989.7450209,46,72,66
1647517993.7611017,47,71,68
1647517997.8124783,47,71,68
1647518001.8465388,53,71,66
1647518005.8458443,50,72,66
1647518009.8870413,51,71,68
1647518014.1107461,49,74,68
1647518018.365298,49,73,69
1647518022.411478,47,71,67
1647518026.4157715,53,71,68
1647518030.3692007,47,71,67
1647518034.3920848,53,71,67
1647518038.4584377,46,71,66
1647518042.477691,55,72,69
1647518046.5263731,49,72,67
1647518050.5786679,47,73,68
1647518054.5839458,51,71,69
1647518058.6410978,48,71,68
1647518062.7019072,47,71,67
1647518066.6704369,47,71,66
1647518070.726365,50,71,68
1647518074.7875066,48,71,68
1647518078.732345,47,71,68
1647518082.7652104,45,71,67
1647518086.7465641,47,71,66
1647518090.8436112,48,72,67
1647518094.8791974,45,72,68
1647518099.0078108,48,72,69
1647518103.0955684,48,72,68
1647518107.1339364,49,71,68
1647518111.1352358,61,71,69
1647518115.2242715,44,72,69
1647518119.3332846,47,72,68
1647518123.4764588,49,71,65
1647518127.5587013,48,72,68
1647518131.5450435,46,72,69
1647518135.6637943,54,72,69
1647518139.680059,47,71,67
1647518143.6843464,47,72,69
1647518147.7057679,48,70,69
1647518151.6851282,48,73,68
1647518155.824061,47,71,68
1647518160.4308834,46,73,70
1647518164.4561195,48,75,67
1647518168.4738905,47,74,69
1647518172.5554802,48,73,69
1647518176.6052828,48,72,68
1647518180.6345088,49,73,67
1647518184.6604278,48,73,67
1647518188.7245612,47,71,68
1647518192.718221,48,73,70
1647518196.7877889,47,71,68
1647518200.8321035,48,74,68
1647518204.8422256,48,73,69
1647518208.8724546,44,72,69
1647518212.9505272,46,72,67
1647518216.9323897,46,72,68
1647518220.992143,48,73,69
1647518225.0383682,48,73,67
1647518229.100227,48,71,69
1647518233.16239,49,73,67
1647518237.2207096,49,72,69
1647518241.7260544,49,71,69
1647518246.0348089,47,70,70
1647518250.040728,47,72,69
1647518253.9656014,48,72,68
1647518257.955934,49,71,67
1647518261.877448,47,72,68
1647518265.7881103,50,72,69
1647518269.6667402,47,72,70
1647518273.4999995,47,72,69
1647518277.4804246,48,71,69
1647518281.4720871,46,72,68
1647518285.4015822,46,72,69
1647518289.3382094,45,72,69
1647518293.3666208,58,73,67
1647518297.6099648,46,71,67
1647518301.7219698,47,72,68
1647518305.7177567,49,71,68
1647518309.730802,50,73,69
1647518313.8318365,47,70,70
1647518317.942898,52,71,71
1647518322.0309665,48,72,69
1647518325.9992704,45,71,70
1647518329.9706538,48,70,68
1647518333.8798356,46,72,68
1647518337.84352,48,72,69
1647518341.7934413,53,72,35
1647518345.7792873,51,73,33
1647518349.7087803,50,73,34
1647518353.6625018,50,73,38
1647518357.6170218,50,74,13
1647518361.5570192,49,73,37
1647518365.5405207,46,74,36
1647518369.4174545,49,73,14
1647518373.311045,48,73,33
1647518377.2842739,48,73,22
1647518381.2598052,49,73,40
1647518385.1863067,50,74,35
1647518389.196952,52,72,33
1647518393.1799693,50,71,39
1647518397.0713515,51,72,37
1647518401.033757,48,72,36
1647518405.022937,52,73,37
1647518409.0428205,49,73,35
1647518412.9990618,0,48,70
1647518417.0213082,0,53,70
1647518420.98284,0,50,71
1647518424.9372919,0,53,70
1647518428.8370097,0,50,70
1647518432.768498,0,52,70
1647518436.6880298,0,53,70
1647518440.5467725,0,51,71
1647518444.4697778,0,51,70
1647518448.4152286,0,51,70
1647518452.3777723,0,49,70
1647518456.3357036,0,51,70
1647518460.2437081,0,51,70
1647518464.2891822,0,52,70
1647518468.3642867,0,51,69
1647518472.5382628,0,49,70
1647518477.1488516,0,49,71
1647518481.0581014,0,49,70
1647518485.0165179,0,47,69
1647518488.9474792,0,51,69
1647518493.032686,0,48,70
1647518497.085008,0,50,70
1647518501.0364447,0,51,69
1647518505.003837,0,51,70
1647518509.033216,0,52,70
1647518512.8868039,0,51,70
1647518516.7766502,0,51,70
1647518520.596823,0,54,69
1647518524.8919864,0,50,69
1647518529.4266746,0,51,69
1647518533.9961789,0,51,70
1647518538.3039908,0,52,69
1647518543.1671343,0,52,71
1647518547.727474,0,48,71
1647518552.279749,0,49,69
1647518556.682378,0,46,70
1647518560.8721387,0,51,70
1647518565.665323,0,51,70
1647518570.8290403,0,52,70
1647518575.621312,0,61,70
1647518579.989631,0,52,70
1647518584.4177907,0,52,70
1647518589.5068047,0,51,71
1647518594.133331,0,51,70
1647518598.9733896,0,50,71
1647518603.4901192,0,50,69
1647518608.0086052,0,53,69
1647518612.84609,0,51,70
1647518617.719779,0,51,70
1647518622.7257967,0,50,70
1647518627.2067144,0,51,71
1647518631.6857371,0,53,70
1647518635.796746,0,53,69
1647518639.8999662,0,49,70
1647518643.9346845,0,53,69
1647518647.8970912,0,51,69
1647518651.839088,0,53,69
1647518656.0488303,0,54,69
1647518660.7017927,0,53,70
1647518664.8407273,0,51,70
1647518668.9696858,0,53,70
1647518672.9586775,0,50,70
1647518676.9511764,0,48,69
1647518680.9075973,0,49,71
1647518684.905778,0,51,69
1647518688.94499,0,62,70
1647518692.9588792,0,50,70
1647518696.8792288,0,50,70
1647518700.851818,0,50,70
1647518704.7563777,0,53,71
1647518708.7679338,0,53,70
1647518712.753381,0,51,70
1647518716.7795022,0,51,70
1647518720.847287,0,49,70
1647518724.7311082,0,51,69
1647518728.6812928,0,54,71
1647518732.6225789,0,54,70
1647518736.6546102,0,60,69
1647518740.6100502,0,50,71
1647518744.538662,0,51,70
1647518748.462072,0,51,69
1647518752.4332516,0,51,70
1647518756.4299748,0,51,70
1647518760.3973672,0,51,72
1647518764.3208914,0,51,69
1647518768.3268213,0,52,69
1647518772.273469,0,51,70
1647518776.2864783,0,49,69
1647518780.308719,0,51,70
1647518784.3010428,0,60,71
1647518788.4986176,0,51,70
1647518792.6000748,0,52,71
1647518796.6382797,0,49,70
1647518800.6522317,0,52,71
1647518804.627602,0,54,70
1647518808.6009784,0,51,71
1647518812.604781,0,51,69
1647518816.5891345,0,51,69
1647518820.544182,0,59,70
1647518824.5205498,0,51,70
1647518828.5098844,0,52,70
1647518832.438056,0,52,70
1647518836.3954778,0,51,70
1647518840.4369657,0,52,70
1647518844.4292912,0,51,70
1647518848.441579,0,52,70
1647518852.4668148,0,51,70
1647518856.4469833,0,53,71
1647518860.4153736,0,56,70
1647518864.3718007,0,51,69
1647518868.3441765,0,52,70
1647518872.375398,0,51,70
1647518876.3816853,0,53,70
1647518880.3264747,0,52,70
1647518884.3656886,0,51,70
1647518888.3515403,0,54,69
1647518892.3159397,0,54,70
1647518896.3401794,0,51,70
1647518900.3783824,0,51,70
1647518904.3118699,0,51,71
1647518908.2543235,0,52,70
1647518912.2197223,0,48,70
1647518916.138247,0,52,70
1647518920.1186008,0,53,69
1647518924.0476782,0,51,70
1647518928.0170636,0,52,70
1647518931.9415755,0,60,68
1647518935.8435168,0,53,72
1647518939.832834,0,52,70
1647518943.8002255,0,61,70
1647518947.7120025,0,52,70
1647518951.6802528,0,61,69
1647518955.677565,0,53,71
1647518959.6659038,0,59,69
1647518963.6634912,0,53,71
1647518967.661472,0,51,69
1647518971.6168966,0,53,70
1647518975.605417,0,50,70
1647518979.5310755,0,50,69
1647518983.4877493,0,54,70
1647518987.3846364,0,52,69
1647518991.3820438,0,52,70
1647518995.3205132,0,52,70
1647518999.2417302,0,52,70
1647519003.254397,0,54,70
1647519007.248754,0,52,70
1647519011.2064245,0,52,70
1647519015.2496152,0,52,70
1647519019.1916127,0,53,69
1647519023.138062,0,51,70
1647519027.1224465,0,58,70
1647519031.0898392,0,51,71
1647519035.2736712,0,60,70
1647519039.2071517,0,56,70
1647519043.2054605,0,51,69
1647519047.2287016,0,61,70
1647519051.2294319,0,53,71
1647519055.201809,0,55,70
1647519059.4045882,0,51,70
1647519063.4914818,0,62,70
1647519067.4520347,0,51,71
1647519071.3952107,0,52,69
1647519075.3905275,0,51,69
1647519079.327988,0,60,70
1647519083.2210848,0,52,69
1647519087.2948196,0,55,70
1647519091.1864161,0,59,70
1647519095.2107928,0,54,70
1647519099.1452708,0,51,70
1647519103.1270015,0,56,69
1647519107.0445259,0,50,71
1647519110.9980767,0,58,70
1647519114.9951723,0,52,71
1647519118.909035,0,53,70
1647519122.9023566,0,53,70
1647519126.7991843,0,52,70
1647519130.743356,0,54,70
1647519134.7642803,0,61,70
1647519138.8074687,0,53,69
1647519142.744943,0,60,70
1647519146.8796787,0,55,70
1647519150.9782574,0,52,70
1647519154.9885337,0,51,71
1647519158.9730358,0,54,70
1647519162.9543898,0,52,70
1647519166.9229264,0,54,70
1647519170.832131,0,52,72
1647519174.7197363,0,53,71
1647519178.7000935,0,53,70
1647519182.6536553,0,59,70
1647519186.6335561,0,49,70
1647519190.685367,0,53,71
1647519194.6350226,0,51,70
1647519198.6103952,0,54,70
1647519202.5302129,0,59,69
1647519206.4427538,0,61,70
1647519210.4171293,0,54,70
1647519214.4343832,0,50,70
1647519218.337954,0,53,71
1647519222.2875502,0,50,70
1647519226.272608,0,50,71
1647519230.2409973,0,51,70
1647519234.1385787,0,51,70
1647519238.0924656,0,53,70
1647519242.104387,0,50,70
1647519246.1418319,0,55,71
1647519250.082804,0,63,71
1647519254.0972145,0,51,71
1647519258.050643,0,54,70
1647519262.0481164,0,51,70
1647519266.029799,0,54,70
1647519269.9684114,0,54,71
1647519273.9274554,0,54,69
1647519277.8867009,0,61,71
1647519281.8710475,0,61,70
1647519285.8168762,0,52,71
1647519289.7373934,0,54,69
1647519293.7340138,0,51,70
1647519297.62924,0,56,71
1647519301.627897,0,55,70
1647519305.5914347,0,53,70
1647519309.5591564,0,54,70
1647519313.500618,0,54,70
1647519317.4470656,0,54,70
1647519321.3777652,0,52,71
1647519325.3032703,0,51,71
1647519329.2518728,0,49,70
1647519333.2293766,0,50,70
1647519337.114668,0,53,70
1647519341.103153,0,54,71
1647519345.010323,0,50,71
1647519349.0123894,0,53,70
1647519352.929713,0,52,71
1647519356.9042542,0,54,70
1647519360.8700097,0,51,70
1647519364.8183334,0,53,69
1647519368.7797408,0,54,70
1647519372.7657893,0,54,70
1647519376.7690854,0,53,69
1647519380.696584,0,51,70
1647519384.708483,0,54,70
1647519388.7223186,0,51,71
1647519392.673236,0,53,71
1647519396.7712796,0,54,70
1647519400.7087512,0,53,70
1647519404.575413,0,54,69
1647519409.1826086,0,60,70
1647519413.2293003,0,54,70
1648126846.437605,0,0,0
1648126850.6274502,0,0,0
1648126854.702774,0,0,0
1648126858.8373477,69,78,0
1648126862.9415257,65,97,0
1648126867.0860949,0,98,0
1648126871.211675,39,96,0
1648126875.4808438,43,95,0
1648126879.854113,0,89,0
1648127098.4859586,39,91,0
1648127103.099996,41,89,0
1648127107.5191796,38,90,0
